000001
1110
0001
01110
110
0101
1110
10111
110
1110
110
0110
01111
1000
1000
0110
001
110
0110
1110
101000
010001
010000
10010
01111
1000
10110
110
10101001
0110
001
001
111100
001
110
00001
1110
10110
110
00001
0101
01111
1000
001
110
1110
10110
110
10110
10011
11111
00001
1111011
10010
0100110
10011
10111
110
001
0100111
001
0001
01110
00001
0101
001
0001
001
110
1000
0101
1110
1000
110
000001
1110
0001
01110
110
00001
001
10011
1000
10010
1000
0101
001
110
0110
1110
101000
010001
110
00001
1110
10110
110
10110
101011
0001
001
110
1000
11111
110
1111010
11111
1111011
10010
101010110
001
110
10101001
11111
0110
0110
11111
00001
001
10111
110
0101
001
0001
110
1000
11111
110
10110
111100
0101
11111
11111
0110
110
11111
10011
001
110
10111
1110
01110
10010
0100100
0101
01111
111100
0101
110
00001
1110
10110
110
1110
1111010
1110
01111
10011
10110
1000
110
1000
0101
001
110
0001
101011
0110
001
0100101
10010
101010111
1000
110
101000
1110
10111
001
110
1000
0101
001
110
111100
0101
01111
0110
10111
0001
001
10011
110
0110
1110
101011
1111010
0101
110
1110
10011
10111
110
000000
0110
1110
01110
010000
10010
1010011
11111
110
10110
001
001
110
1110
110
0110
1110
101000
010001
110
1110
1000
110
10110
111100
0101
11111
11111
0110
1111011
10010
0100110
10011
10111
110
10110
11111
110
1000
0101
001
110
1000
001
1110
111100
0101
001
0001
110
1000
101011
0001
10011
001
10111
110
0101
01111
101000
110
11111
101011
1000
010000
10010
101010101
101011
1000
110
10110
1000
01111
0110
0110
110
0101
001
110
0110
01111
10011
1111010
001
0001
001
10111
110
10011
001
1110
0001
0100101
10010
0100110
10011
10111
110
00001
1110
01111
1000
001
10111
110
000000
1110
1000
01111
001
10011
1000
0110
01110
110
1110
010001
11111
101011
1000
10010
1010011
01111
0110
0110
110
000001
1110
0001
01110
110
10111
01111
10111
110
1110
000000
000000
001
1110
0001
10010
1010010
0100100
0101
1110
1000
110
101000
1110
10101000
001
10110
110
1000
0101
001
110
0110
1110
101000
010001
110
0110
11111
0100111
001
110
000001
1110
0001
01110
110
10110
11111
101010100
1010010
10010
1010011
0101
001
110
001
1110
1111010
001
0001
110
111100
0101
0110
10111
0001
001
10011
110
111100
0001
01110
0100101
10010
1010010
0100100
0101
01110
010000
110
000001
1110
0001
01110
110
0110
11111
0100111
001
10110
110
1000
0101
001
110
0110
1110
101000
010001
010000
110
01110
11111
101011
110
10101000
10011
11111
00001
010000
1010010
10010
1010011
0101
001
110
1000
001
1110
111100
0101
001
0001
110
10111
01111
10111
110
0001
001
000000
0110
01110
1111011
1111011
